850
4 -3714.859601 -543.485085
2 -3107.468537 -690.145791
2 -2981.276055 -714.171964
3 -2797.324794 -751.882897
2 -2190.469208 -951.106026
2 -1522.894200 -1146.618649
2 -1363.450532 -1178.958799
2 -1068.799255 -1188.993791
2 -2900.304575 -978.820824
2 -3041.575493 -1171.196153
2 -3251.744028 -1482.584646
2 -3466.056326 -1798.576182
2 -3540.626398 -1907.855084
2 -3610.583182 -2008.995902
2 -3686.490819 -2160.811177
2 -3627.398473 -2461.176248
2 -3583.473311 -2616.257001
2 -3515.399691 -2734.648721
3 -3322.012533 -2646.082981
2 -3160.559332 -2442.753830
3 -2809.063704 -2567.469479
2 -2651.152665 -2531.459264
2 -2280.580480 -2432.807647
2 -2121.144919 -2404.152765
2 -1923.482206 -2366.328396
2 -1770.580114 -2328.245128
2 -1411.564781 -2260.839243
2 -1225.522712 -2216.725868
3 -1094.308517 -2179.289846
2 -905.018107 -1895.134446
3 -425.891425 -2000.455037
2 -861.642314 -1222.809658
2 -655.607299 -1287.873347
2 -509.213998 -1396.312829
2 -379.086620 -1510.174285
4 -166.018192 -1637.349647
2 -2778.187111 -475.962086
2 -2792.136917 -133.665169
2 -2781.021145 62.198203
2 -2791.865093 306.187037
2 -2795.976704 545.826931
2 -2869.918797 772.420001
2 -2976.212212 1119.483152
2 -3062.963798 1336.362116
2 -3110.869053 1524.346186
2 -3219.783195 1854.307711
2 -3239.268217 2016.910126
2 -3075.592769 2060.941100
2 -2880.458510 2107.773322
2 -2492.764006 2167.652367
2 -2249.667683 2209.299945
2 -1989.412927 2258.097712
2 -1725.046559 2296.051531
2 -1474.325387 2339.427324
2 -1224.914579 2350.271272
2 -1002.613641 2263.519686
2 -901.483405 2143.067962
4 -813.310749 1995.249098
3 -867.770330 1857.803488
2 -953.349673 1624.405281
2 -1030.724855 1469.937730
2 -1069.624556 1327.729713
2 -953.349673 1230.221644
5 -688.831706 1030.536512
2 -327.357576 1186.116562
2 -508.274893 1255.529410
3 -247.253452 1318.581544
1 -242.781800 1634.778535
2 -39.822384 1361.436502
3 58.922105 1290.900644
2 172.511499 1264.275204
3 312.034027 1254.066525
3 430.909335 1257.099615
2 -732.918033 890.497588
2 -764.037794 771.205172
2 -792.564242 625.979621
2 -823.684003 462.600877
2 -852.210450 309.595386
2 -880.736897 156.589895
3 -911.856658 19.144285
2 -807.576436 -157.293763
2 -961.129613 -276.493443
2 -989.656060 -424.312307
2 -1015.589194 -548.791350
2 -1046.169999 -712.161364
4 -1083.015343 -961.128181
2 -844.511482 -1048.913012
3 -722.544780 -307.613204
2 -543.606155 -336.139651
5 -375.040784 -369.852725
3 -317.640551 -230.977275
1 -302.428009 -120.894639
2 -649.932005 -1088.200538
2 -787.846412 -857.702497
2 -624.346209 -818.334000
2 -421.720425 -961.128181
2 -131.964001 -509.277944
3 -434.686992 -1150.440060
2 -286.868128 -1355.311818
3 -157.161972 -1422.737967
2 336.631826 -1333.368043
3 135.841956 -613.624185
3 228.401958 -575.416187
3 347.924942 -520.365919
2 308.391792 -1229.392696
3 272.066668 -959.970119
2 271.510905 -843.892445
2 -923.234382 -1994.276087
2 460.006132 -1700.222501
3 630.321483 -1572.752536
2 734.897352 -1544.623697
3 856.783082 -1412.364713
2 916.429291 -1298.258923
1 921.615917 -1085.607224
3 944.955738 -1186.746447
3 1046.094961 -1269.732476
3 1279.493167 -1451.264414
3 1293.493918 -1520.329410
2 1278.390221 -1785.772441
2 1279.493167 -1873.974499
2 1391.589991 -1845.290094
2 1748.600101 -1566.315397
2 1839.519624 -1437.603025
3 1870.768623 -1363.091759
2 1927.821518 -1165.999940
2 1894.108443 -1267.289108
2 2026.783954 -1202.635919
2 2083.609352 -1367.719627
2 2194.108738 -1497.814818
2 2227.813707 -1599.883023
2 2318.046513 -1780.340529
2 2354.352901 -1896.207467
3 2392.024617 -2122.932586
3 705.305837 -2098.457372
2 1053.874901 -2302.806448
2 1205.179496 -2302.976027
2 1323.579495 -2242.225002
2 1416.938777 -2252.598256
2 1494.738179 -2317.431091
2 1621.810536 -2309.651151
3 1715.169819 -2294.091270
2 1756.662833 -2218.885181
2 1873.361936 -2213.698555
2 1956.347965 -2239.631689
2 2124.913336 -2229.258435
2 2288.292081 -2182.578794
2 2490.570526 -2190.358734
3 2599.489689 -2408.197060
2 -711.364827 2056.221627
2 -589.754286 2145.981788
2 -416.024941 2206.787059
2 -224.922662 2238.637439
2 -94.625653 2264.696840
2 79.103692 2287.860753
3 264.414993 2293.651731
3 363.644880 2184.406404
3 349.334357 2060.208542
2 317.008886 1931.786219
2 215.191679 1813.000544
2 342.593198 1798.523098
2 493.158631 1827.477989
3 594.209912 1828.235574
3 690.051888 1613.211797
2 719.006779 1451.064408
3 681.365421 1303.394465
2 768.991870 1183.782771
2 880.257525 1089.047354
3 949.695317 992.653519
3 1049.432963 879.335069
2 1087.522642 793.367039
2 1215.766857 721.347213
2 1130.166229 689.550780
2 1281.914786 769.279511
3 1360.406446 827.664587
2 1571.938987 771.521116
2 1660.802507 777.393014
2 1894.494427 817.373647
3 2048.036268 909.607950
3 2100.880197 1053.836052
2 2134.900940 1120.978653
2 2152.273874 1248.380173
2 2155.169364 1364.199736
2 2158.064853 1465.541854
2 2143.587407 1598.734352
2 2265.197949 1578.465928
2 2398.390446 1563.988483
2 2525.791966 1572.674950
3 2644.507018 1572.674950
3 2751.640114 1621.898264
2 2780.595005 1731.926849
3 2876.146145 1647.957666
2 3023.816088 1647.957666
2 3159.904075 1671.121579
2 3264.141682 1781.150164
3 3342.319887 1885.387771
3 452.621783 2316.815644
2 632.142107 2377.620915
2 776.916561 2394.993849
2 927.481993 2418.157762
2 1040.406067 2429.739718
2 1190.971499 2455.799120
2 1321.268508 2487.649500
2 1494.997853 2487.649500
2 1602.130949 2461.590098
3 1764.278338 2403.680316
2 1845.720372 2302.464068
2 1881.432314 2368.288219
3 2071.200180 2302.338198
3 2007.499420 2206.787059
3 1937.681299 2115.436939
2 1848.247521 2056.221627
2 1786.254685 1968.794639
3 1673.934883 1938.110846
3 1468.369598 1942.971169
2 1357.152083 1950.067679
3 1593.444482 1844.850924
2 1584.758014 1755.090762
2 1584.758014 1671.121579
2 1588.632652 1579.771459
2 2175.437787 2279.174286
2 2479.443162 2214.953167
3 2610.906758 2164.021929
2 2686.940594 2183.581189
2 2884.832612 2111.235919
2 3001.902675 2067.782605
2 3209.127389 1983.834399
2 3492.885319 1839.059945
3 3608.615496 1785.312116
2 3743.705181 1735.631837
3 3634.764284 1555.302015
2 3573.959014 1453.959898
1 3464.655555 1352.076442
2 3856.266692 1709.299258
2 4001.855659 1607.510205
3 4124.643277 1527.797377
2 4173.325254 1401.841094
2 4161.743297 1294.707998
2 4144.370363 1207.843326
3 4121.206450 1103.605719
2 4014.073354 1063.068871
2 3909.021234 1049.043376
2 3886.671834 935.667352
2 3976.973333 883.007211
2 4058.950927 891.599277
3 4036.785317 795.958749
2 4008.282376 637.431976
2 4094.873873 1009.137253
2 3982.222974 538.985348
3 3918.989259 470.357549
2 3795.563151 467.695582
3 3360.358313 702.913226
2 3336.528909 602.686107
2 3327.842442 492.657522
2 3452.715765 417.742099
2 3438.087012 628.745509
2 3534.969134 523.824873
2 3642.785260 481.741058
2 591.747670 13.098052
3 598.487955 -76.282347
2 782.517658 -303.412094
3 931.292327 -374.668773
3 1015.921725 -402.506027
3 1104.106827 -439.689962
3 1217.030901 -471.540342
2 1342.160688 -497.849246
2 1474.729429 -512.077189
4 1613.712905 -512.077189
2 1712.159534 -514.972678
2 1827.979097 -523.659145
3 1906.157303 -523.659145
3 1327.059486 -1120.129896
2 1384.969268 -1018.787778
2 1449.543287 -926.269984
2 1452.038313 -758.942268
2 1751.171920 -3.385787
4 1827.978438 -108.995081
2 1882.230829 -197.688449
2 1920.329197 -291.410893
2 1965.438112 -393.057903
2 1900.014653 -58.362262
2 2053.570262 1.844217
2 2187.985349 5.157467
2 2409.662387 24.201448
2 2064.811789 741.375868
3 2157.214139 529.273939
2 2218.870123 449.225186
2 2308.630285 316.032688
2 2398.237097 235.357270
2 2510.456197 167.060358
4 2053.827246 582.417684
2 2048.036268 472.389099
2 2036.454311 344.987579
3 2016.185888 223.377038
2 1990.126486 116.243942
4 1965.968491 53.567731
2 2722.448293 82.242811
2 2849.331256 27.698653
2 2980.856160 -31.487444
2 3132.754930 -81.647366
2 3258.091669 -105.632355
2 3533.873053 -86.291099
2 3870.941085 -298.657076
2 3988.183787 -349.217883
2 4158.877303 -396.604794
3 3899.725468 313.573238
2 3881.028311 205.129727
3 3832.415703 66.770765
2 3802.500252 -64.109334
2 2075.016817 -421.476046
2 2181.640814 -329.742837
2 2282.739335 -223.286181
2 2372.251410 -135.560151
2 2478.585119 -19.514916
2 2415.171201 -651.200064
3 2495.889370 -747.606258
2 2557.269594 -838.171635
2 2575.966751 -1047.579793
3 2456.304946 -1114.889559
3 2338.365024 -1185.816981
2 2628.318791 -774.601301
2 2624.579360 -639.981770
3 2617.100497 -512.841103
2 2617.100497 -374.482141
2 2617.100497 -266.038630
2 2613.361065 -112.721942
2 2364.924781 -1657.301835
2 2522.976428 -1646.525586
2 2684.620158 -1628.565172
2 2846.263888 -1614.196840
2 2993.539286 -1610.604757
2 3130.038436 -1610.604757
2 3259.353420 -1610.604757
2 3399.444652 -1624.973089
3 3525.167553 -1624.973089
2 3604.193377 -1359.158955
2 3571.864631 -1502.842271
2 3625.745874 -1229.843971
2 3654.482537 -1093.344822
2 3679.627117 -953.253589
2 3715.547946 -852.675268
2 3737.100443 -737.728616
3 3758.652941 -586.861135
2 3500.022973 -1772.248487
2 3464.102144 -1923.115968
2 3431.773398 -2059.615118
2 3403.036735 -2181.745936
2 3367.115906 -2325.429252
2 3246.680037 -2382.498204
2 3068.973027 -2440.375904
2 2910.921380 -2433.191738
2 2752.869733 -2433.191738
2 2799.965657 -495.710147
2 2985.259119 -505.332252
2 3154.669313 -558.737200
2 3355.834719 -581.825723
2 3602.705123 -573.642403
2 3880.562231 -528.881057
2 4179.749766 -518.676182
2 -3219.451802 -650.662781
2 -3352.343590 -616.912486
2 -3463.458957 -586.267708
2 -3584.491045 -564.177650
4 -1223.053315 -1138.809351
2 -929.627242 -909.337038
6 -476.954456 -782.854936
2 -976.225912 -1025.833710
2 15.660046 -576.489401
2 405.676680 -445.059668
2 -396.779943 -1047.483161
2 299.799794 -1090.498967
2 -32.957779 -1720.276436
2 398.703123 -1431.857268
2 507.102274 -1509.285232
3 563.510715 -1648.177525
2 -222.520793 -1809.512165
3 -344.314981 -1943.017333
3 -559.797006 -2048.416149
2 -690.959978 -1992.203447
2 -803.385382 -1931.306353
2 -1000.129840 -2081.206892
2 -1613.785173 -2296.688917
2 -2464.002294 -2477.272223
2 -2935.954773 -2549.880297
2 -3030.813708 -2499.288865
2 -3247.935270 -2554.096250
2 -3403.925519 -2695.330664
2 -3647.818381 -2320.321674
2 -3393.596435 -1699.944239
2 -3312.017751 -1582.888314
2 -3173.333988 -1377.234143
2 -3110.157937 -1286.738719
2 -2968.438688 -1075.013576
3 -2838.671665 -863.288433
2 -2724.271789 -836.303187
3 -2772.080693 -617.414073
2 -2646.625736 -673.970759
2 -1665.610431 -1100.123206
2 -1830.675963 -1054.659203
2 -1969.057041 -1010.919327
2 -2530.778906 -876.490024
2 -2317.330992 -923.651797
2 -2778.675313 -329.759328
2 -2917.504680 928.637404
2 -3160.590906 1673.088972
2 -2695.688498 2137.991380
3 -614.277856 1379.904139
2 -668.957086 1527.237236
2 -699.342864 1703.474750
2 -744.921532 1849.326486
2 -840.636734 1680.077701
2 -816.024253 1524.198659
2 -788.677053 1387.462656
2 -746.513300 1204.685230
2 -550.533095 1060.625174
2 -949.423897 -156.505587
3 -1071.857313 -838.161906
4 -664.470820 -586.764957
2 -756.897140 -657.208760
2 -840.854524 -717.625324
2 -965.469261 -818.009417
2 -182.071610 -1133.717879
2 -122.121583 -1232.216131
2 -21.998655 -1349.983526
2 13.017771 -663.666295
2 -98.971698 -690.330454
2 -352.306988 -862.719517
2 -450.938600 -684.997622
2 -405.609530 -578.340985
2 -370.946123 -463.685100
2 -268.436576 -984.781779
3 -282.954397 -402.357534
3 287.186539 -731.653995
2 371.669791 -674.568388
2 446.119119 -566.085082
2 653.352602 -1991.319715
2 642.851817 -1883.827041
2 640.226621 -1771.083974
2 2545.357573 -2303.998828
3 994.691224 -1368.879257
2 1138.042298 -1242.829175
3 1110.855025 -1354.049836
2 1273.978660 -1351.578265
2 1192.416843 -1401.009670
2 1244.910375 -1188.305718
3 1301.594207 -1258.070434
2 1201.307427 -1292.952793
2 994.193426 -1322.135619
2 1821.210241 -2318.902097
2 1976.385949 -2338.033349
2 2154.944297 -2357.164600
2 2265.480418 -2374.170157
2 2378.142233 -2391.175714
2 2480.175575 -2406.055577
2 2213.469005 -1232.901721
2 1958.753943 -1363.247941
3 1666.929146 -1633.440141
2 1369.857061 -1583.134965
2 1556.940944 -1744.973803
2 1283.161514 -1620.930538
2 1275.576357 -1684.645862
2 1445.483889 -1648.237105
2 1576.858821 -1653.091606
2 1470.059800 -1802.064104
2 1640.119036 -1686.618003
2 1801.227786 -1495.472029
2 2109.792002 -1233.328978
2 2283.188707 -1264.731531
3 2180.789078 -1393.072400
2 2246.324841 -1315.248682
3 2261.343453 -1679.791362
2 2377.396366 -2010.200832
2 435.283845 2013.465119
2 559.905449 1926.863665
3 674.880448 1738.241475
2 -432.617136 1120.065262
2 -433.054144 1247.781536
2 -347.508805 1266.791611
2 -661.175046 1242.078513
2 -678.284113 1131.820077
2 -220.141302 1422.674227
3 -216.339287 1519.625611
2 -142.199994 1447.387325
2 -136.496971 1242.078513
2 -31.941558 1261.088588
2 563.073795 1268.692618
2 593.489915 1496.813520
2 483.231479 1380.852062
2 455.394603 -373.183092
2 512.916081 -295.595983
2 543.683383 -223.359709
2 587.827773 -144.434891
4 495.525867 -462.809580
2 543.683383 -425.353735
2 607.893404 -355.792878
3 667.688987 -267.102786
2 611.906531 -446.757075
2 732.300321 -422.678317
2 813.900556 -399.937268
2 882.123704 -339.740373
2 556.525387 127.521304
2 641.871207 -182.960904
4 2005.932849 -484.614234
2 970.877423 -324.367154
2 902.435874 -261.523056
2 843.917078 -195.371374
2 780.309691 -134.308282
2 723.063043 -61.795861
2 678.537872 3.083674
2 625.107667 71.779652
4 1474.118714 -840.960908
2 1406.235638 -702.424019
2 1353.591621 -612.375042
2 1289.864652 -551.418810
2 1532.304207 -800.785210
2 1596.031176 -721.819184
2 1674.997203 -665.019059
2 1747.036385 -616.531148
3 1819.075567 -574.970082
2 1228.621948 -421.205245
2 1347.189276 -403.195018
2 1471.760013 -379.181382
2 1581.322227 -347.663485
2 1662.368249 -295.133656
3 1692.385294 -209.585078
2 1707.393816 -106.026272
2 1681.879328 -9.971728
2 1590.777596 137.712133
2 1141.327569 857.099757
2 1234.199005 830.565061
3 1476.328104 823.931387
3 1784.793942 787.446180
2 -946.597244 -2164.557000
2 -834.799390 -2141.353672
2 -723.001537 -2111.822164
2 -3221.205595 -2639.041194
2 -3096.041553 -2625.273149
2 -2955.857826 -2601.491981
2 -1351.190335 -1017.133385
2 -1508.034657 -982.279091
2 -1643.579133 -951.297497
2 -1763.632812 -918.379552
2 -1899.177288 -875.779860
2 -2038.594463 -840.925566
2 -2162.520841 -809.943972
2 -2274.829122 -773.153328
2 -2423.928045 -732.489985
2 -2559.472521 -711.190139
2 -908.648222 1747.802608
2 -806.030069 1131.903434
3 -242.058821 1218.771634
2 796.693401 -2163.771786
3 912.924881 -2237.919454
2 -311.513633 -2023.492415
2 -161.214307 -2043.532325
2 9.124930 -2077.600173
2 145.396320 -2101.648065
2 251.607844 -2117.679993
2 353.811386 -2129.703939
2 437.979009 -2153.751831
2 548.198515 -2183.811697
2 662.426003 -2217.879544
2 808.717347 -2247.939409
6 117.340445 -1811.069367
2 -161.214307 -1893.232999
2 -16.926953 -1857.161160
2 327.759502 -1748.945645
2 221.547978 -1772.993537
2 -36.966863 -1506.462732
2 45.196768 -1600.650310
3 97.300535 -1702.853852
2 59.861354 -1436.395410
2 113.332463 -1506.462732
2 218.942790 -1080.614640
2 199.103279 -1208.669666
2 195.496095 -1365.582163
2 195.496095 -1464.779718
2 199.103279 -1576.602417
2 166.638624 -1710.068219
2 117.941643 -1614.477848
2 -371.773964 -760.025815
2 -242.382656 -728.338148
2 601.338994 -2065.449659
2 487.192569 -2004.571565
2 393.338842 -1953.839821
2 233.533847 -1877.742204
2 1336.466321 916.115075
2 1196.084025 978.135825
2 1069.071472 1090.664490
2 994.795125 1202.079011
2 920.518778 1376.628426
2 857.383883 1506.612033
2 797.962805 1647.737092
2 809.475639 1021.958869
2 665.750908 1072.095404
2 535.395919 1112.204631
2 415.068237 1172.368472
2 2029.473925 -611.179455
2 2177.663541 -618.978909
3 2292.055524 -616.379091
3 2679.428378 -1014.151216
2 2609.233297 -930.957046
2 2489.641678 -886.760143
2 2481.842225 -1011.551398
3 1784.033163 125.137175
2 1896.901351 168.896529
3 1677.634343 61.115075
2 1705.508034 124.197637
3 1719.702545 -260.815552
2 1674.826315 -396.764131
2 1635.229641 -462.758587
2 1581.114187 -584.188386
2 1532.278290 -663.381733
2 1503.240729 -759.733639
2 1780.943470 -182.229914
2 -570.966945 -687.587876
2 -704.192045 -476.330931
2 -574.773377 -529.620971
2 -471.999728 -453.492343
2 1869.499474 716.814707
2 1964.967020 649.191862
2 1896.004519 2192.059463
1 1276.849915 1968.547220
1 1589.767055 1507.392650
2 1982.840309 2330.534289
2 2299.611109 2254.231834
2 2144.694002 2175.617183
2 2283.425739 2161.744009
2 2417.533085 2140.934249
2 2796.733166 2154.807422
2 3108.879574 2011.451294
2 2573.375069 1472.016057
2 2515.107740 1392.938967
2 2438.111626 1295.133093
2 2352.791608 1189.003314
2 2284.119398 1116.169152
3 2208.828538 1014.842337
2 3611.782120 1663.465854
2 3769.936300 1534.445339
2 3942.657313 1503.230698
2 3786.584109 978.824732
2 2148.416276 639.454508
2 2205.575990 928.813849
2 2185.460915 826.691164
2 2160.703901 735.399673
3 2621.803297 127.305503
3 3420.906117 -146.750735
1 3348.483741 828.084999
2 3316.434914 406.108778
2 3615.557299 391.864855
2 3756.216039 372.279460
2 3619.118279 -26.550386
2 3745.533097 39.327758
2 2670.109138 -910.792671
2 4350.866123 -445.435678
2 4025.632472 -532.636005
2 3586.120072 -207.711172
3 3773.751119 -251.010644
4 2561.365890 49.680137
2 2150.020901 -532.457216
2 1861.357751 59.302242
3 -3771.062264 -406.826562
2 -3959.473067 -197.481226
2 -4221.154736 -166.079425
2 -4482.836406 -187.013959
2 -4734.050809 -197.481226
2 -4754.985343 -375.424761
2 -4388.631005 -375.424761
2 -4106.014802 -396.359295
2 -4043.211201 -532.433763
2 -4263.023804 -574.302830
2 -4524.705473 -563.835564
2 -4681.714475 -542.901030
2 -4723.583543 -720.844566
2 -4524.705473 -794.115433
2 -4304.892871 -741.779099
2 -4158.351136 -752.246366
2 -3896.669466 -783.648166
3 -3739.660464 -783.648166
3 -3739.660464 -919.722635
2 -3907.136733 -930.189902
2 -4210.687470 -919.722635
2 -4713.116276 -940.657168
2 -4535.172740 -982.526235
2 -4582.275441 -362.864041
2 -3836.640737 -195.519660
3 -3744.310024 -1051.677187
2 -3903.790347 -1102.039394
2 -4147.207683 -1085.251992
2 -4583.680148 -1152.401602
2 -4701.191965 -1135.614199
2 -4709.585667 -1295.094523
2 -4592.073849 -1303.488224
2 -4205.963592 -1286.700822
2 -4071.664372 -1269.913419
3 -3786.278530 -1286.700822
3 -3861.821841 -1555.299261
2 -4012.908464 -1605.661469
2 -4147.207683 -1588.874066
2 -4357.050214 -1588.874066
2 -4659.223459 -1597.267768
2 -4676.010862 -1739.960689
2 -4424.199824 -1773.535494
2 -4165.708552 -1773.535494
2 -3987.727360 -1773.535494
3 -3870.215542 -1790.322896
3 -3858.242943 -1918.881292
3 -3848.135776 -2060.381630
3 -3838.028609 -2201.881968
3 -3858.242943 -2343.382306
3 -3848.135776 -2525.311312
2 -4808.316640 -1747.059454
2 -4949.816978 -1757.166621
2 -4828.530974 -1565.130448
2 -4970.031312 -1585.344782
2 -4990.245646 -1292.236939
2 -4858.852475 -1241.701104
2 -4828.530974 -1100.200766
2 -4990.245646 -1079.986432
2 -5101.424483 -867.735926
2 -4848.745308 -898.057427
2 -4889.173976 -706.021254
2 -5091.317316 -695.914087
2 -5121.638817 -513.985081
2 -4909.388310 -493.770747
2 -4939.709811 -321.948908
2 -5131.745984 -352.270409
2 -5151.960317 -119.805568
2 -4990.245646 -140.019902
2 -4009.850448 -1908.774125
2 -4161.457953 -1928.988459
2 -4292.851123 -1918.881292
2 -4474.780129 -1939.095626
2 -4687.030636 -1949.202793
2 -5040.781481 -1928.988459
2 -4838.638141 -1918.881292
2 -5030.674314 -2060.381630
2 -4899.281143 -2060.381630
2 -4646.601968 -2121.024632
2 -4474.780129 -2110.917465
2 -4292.851123 -2070.488797
2 -4110.922118 -2090.703131
2 -3963.110865 -2054.391112
2 -3976.373489 -2213.542607
2 -4102.368422 -2200.279982
2 -4248.257292 -2220.173919
2 -4427.302723 -2226.805231
2 -4599.716842 -2246.699168
2 -4811.918834 -2226.805231
2 -5050.646076 -2412.481975
2 -4851.706708 -2385.956726
2 -4593.085530 -2372.694101
2 -4460.459284 -2399.219350
2 -4261.519916 -2412.481975
2 -4115.631047 -2385.956726
2 -3976.373489 -2366.062789
2 -3969.742177 -2545.108220
2 -4102.368422 -2545.108220
2 -4241.625980 -2545.108220
2 -4400.777474 -2531.845595
2 -4652.767340 -2545.108220
2 -4798.656210 -2545.108220
2 -4977.701641 -2551.739532
2 -5355.686440 -118.047932
2 -5355.686440 -283.830739
2 -5368.949064 -535.820605
2 -5335.792503 -734.759972
2 -5335.792503 -880.648842
2 -5342.423815 -1026.537712
2 -5150.115760 -1046.431649
2 -5170.009696 -1252.002329
2 -5362.317752 -1258.633641
2 -5368.949064 -1523.886132
2 -5183.272321 -1550.411381
2 -5189.903633 -1729.456812
2 -5388.843001 -1749.350748
2 -5375.580376 -1901.870930
2 -5196.534945 -1915.133555
2 -5189.903633 -2054.391112
2 -5375.580376 -2054.391112
2 -5382.211689 -2140.598172
2 -5196.534945 -2226.805231
2 -5223.060194 -2339.537540
2 -5435.262187 -2372.694101
2 -5421.999562 -2531.845595
2 -5196.534945 -2525.214283
2 -5004.226890 -2226.805231
3 -3843.747244 -2783.835461
3 -3850.378556 -3009.300078
3 -3863.641181 -3188.345509
2 -3989.636114 -3214.870758
2 -4334.464351 -3208.239446
2 -4626.242091 -3228.133383
2 -4878.231957 -3214.870758
2 -5289.373317 -3214.870758
1 -5760.196488 -3201.608134
2 -5601.044993 -3188.345509
2 -5170.009696 -3228.133383
2 -4042.686612 -3009.300078
2 -4261.519916 -3029.194015
2 -4553.297656 -3029.194015
2 -4792.024897 -3015.931390
2 -5077.171325 -3015.931390
2 -5269.479380 -3009.300078
2 -5494.943997 -2996.037454
1 -5727.039926 -2982.774829
1 -5786.721737 -2757.310212
2 -5561.257120 -2757.310212
2 -5362.317752 -2744.047588
2 -5123.590510 -2770.572837
2 -4864.969332 -2790.466773
2 -4612.979466 -2790.466773
2 -4440.565348 -2803.729398
2 -4241.625980 -2777.204149
2 -4062.580549 -2763.941524
2 -3843.747244 -3374.022252
2 -4022.792675 -3400.547502
2 -4334.464351 -3413.810126
2 -4619.610779 -3427.072751
2 -4851.706708 -3427.072751
2 -5150.115760 -3433.704063
2 -5342.423815 -3400.547502
2 -5607.676306 -3427.072751
1 -5773.459112 -3427.072751
1 -5813.246986 -2485.426409
2 -5581.151056 -2485.426409
2 -5607.676306 -2326.274915
1 -5799.984361 -2326.274915
1 -5806.615673 -2133.966860
1 -5773.459112 -1755.982061
2 -5594.413681 -1749.350748
2 -5627.570242 -2007.971927
1 -5806.615673 -2007.971927
2 -5607.676306 -1868.714369
1 -5786.721737 -1881.976994
1 -5773.459112 -1503.992195
2 -5587.782369 -1503.992195
1 -5727.039926 -1265.264953
2 -5561.257120 -1006.643775
1 -5799.984361 -1013.275087
1 -5853.034859 -854.123593
2 -5574.519744 -854.123593
2 -5601.044993 -688.340787
1 -5853.034859 -675.078162
2 -5647.464179 -515.926668
1 -5813.246986 -496.032731
2 -5501.575309 -257.305490
1 -5760.196488 -257.305490
2 -5534.731871 -71.628746
1 -5786.721737 -71.628746
2 -5004.226890 -3420.441438
922
361 0
361 360
360 359
359 358
358 1
1 2
2 3
5 6
6 362
362 7
362 85
7 31
31 32
32 33
85 363
363 93
93 94
94 364
364 95
86 92
365 86
85 365
92 97
97 98
98 99
33 34
34 35
89 90
91 90
89 88
96 366
366 101
101 102
102 103
103 367
95 368
368 97
106 105
105 369
369 104
104 100
35 370
100 371
371 372
372 109
109 110
110 111
111 112
112 114
114 113
114 115
109 373
373 108
35 374
374 375
375 30
30 376
377 376
378 377
378 29
29 107
107 379
379 28
28 27
27 26
26 380
380 25
25 24
24 23
23 22
22 381
381 21
21 20
20 382
382 383
383 19
19 384
384 18
18 385
17 16
17 385
16 15
15 386
386 14
14 13
13 12
12 11
11 387
387 388
388 10
10 389
389 390
390 9
9 391
391 8
3 392
392 8
392 393
394 3
394 395
4 398
398 397
397 396
396 5
400 4
400 399
394 36
36 401
37 401
37 38
39 38
39 40
40 41
402 41
402 42
42 43
43 44
403 44
45 403
46 45
46 47
47 48
48 404
404 49
49 50
50 51
51 52
52 53
53 54
54 55
55 56
56 57
57 58
57 408
408 407
407 406
406 405
59 60
61 62
60 61
409 410
410 411
411 412
63 73
405 65
63 413
73 74
74 75
75 76
76 77
77 78
78 79
79 80
80 87
79 414
414 81
81 82
82 83
83 84
84 415
415 85
87 88
415 419
419 418
418 417
417 416
422 421
421 420
364 425
424 423
423 101
89 428
428 427
427 426
426 364
429 420
89 430
430 96
430 90
102 431
431 106
433 432
432 431
373 436
436 435
435 434
434 133
134 135
135 136
136 137
137 138
138 139
139 140
140 141
141 142
142 143
143 144
144 145
145 132
132 146
146 437
437 147
111 438
115 439
440 438
440 442
442 116
441 116
443 439
270 443
270 444
444 441
444 445
445 440
446 115
446 438
452 147
452 451
451 450
450 449
449 448
448 447
447 140
116 117
117 458
458 459
459 118
118 119
119 120
117 456
456 460
460 461
120 462
462 457
463 457
463 455
461 455
455 121
464 121
464 122
122 123
123 125
125 124
124 126
454 123
454 127
126 465
465 453
453 318
318 466
466 468
127 467
468 467
467 128
128 129
129 469
469 130
130 131
131 470
470 132
325 469
325 326
326 327
327 328
328 329
329 330
330 331
331 332
332 333
333 335
335 334
334 336
336 337
337 338
338 339
339 340
333 342
342 343
343 344
344 345
345 346
346 347
347 348
348 349
349 350
350 147
57 148
148 149
150 149
150 151
151 152
152 153
153 154
154 155
155 195
155 156
156 157
157 158
158 159
159 160
156 471
471 472
472 161
160 161
161 473
473 162
413 474
474 64
65 475
476 475
405 477
477 478
478 63
476 66
479 66
480 67
480 479
480 481
481 68
482 483
68 69
483 69
69 70
71 70
162 163
163 164
164 484
484 72
71 72
486 72
486 485
485 162
257 258
258 490
490 489
489 488
488 487
487 367
433 491
103 491
491 492
492 493
493 494
491 495
496 495
496 497
497 260
260 261
494 259
259 498
498 260
499 257
258 500
500 494
261 262
262 263
263 264
264 265
266 265
266 267
267 268
268 269
269 501
499 508
508 507
507 506
506 505
505 504
504 503
503 502
502 261
270 271
271 272
273 509
509 272
511 510
510 273
263 512
512 511
269 517
517 516
516 515
515 514
514 513
513 509
262 518
519 518
520 519
521 520
522 521
523 522
524 523
525 524
274 275
275 276
276 277
277 278
278 501
164 165
165 166
166 167
167 168
168 169
169 171
168 527
527 528
171 170
170 172
528 173
172 173
173 529
529 174
174 175
176 177
175 530
530 176
318 317
317 316
28 531
531 532
532 533
533 376
18 534
534 535
535 536
536 20
393 399
537 362
538 537
539 538
540 539
541 540
542 541
543 542
544 543
545 544
546 545
395 546
58 409
58 547
547 59
62 548
548 63
412 63
66 549
549 64
549 482
133 550
551 550
551 134
551 561
30 552
552 553
553 554
554 555
555 556
556 557
557 558
558 559
559 560
560 561
370 562
563 375
564 563
562 564
565 108
566 565
566 562
567 99
568 567
569 568
569 562
570 422
571 570
105 572
572 573
573 574
576 575
575 574
576 577
577 562
571 578
578 569
425 429
364 579
579 580
580 424
562 584
584 583
583 582
582 581
581 133
473 591
591 590
590 589
589 588
588 587
587 586
586 585
585 529
71 595
595 594
594 593
593 592
592 167
154 195
517 596
596 597
597 598
598 313
313 314
314 315
600 315
599 600
599 316
314 601
601 602
602 317
275 279
279 294
292 604
604 603
293 294
293 292
292 291
605 525
605 274
605 526
526 606
606 603
608 609
609 266
611 612
612 509
611 610
610 266
608 607
523 607
275 613
613 607
87 615
615 416
416 614
614 364
89 617
617 616
616 416
99 35
290 291
283 289
289 290
177 283
530 618
618 619
619 289
195 196
196 197
197 198
198 199
199 200
200 201
201 202
202 203
203 204
204 205
205 620
620 209
209 210
210 211
211 212
212 213
213 215
215 216
216 217
217 218
214 213
621 214
218 622
215 212
209 208
204 206
206 623
623 207
207 219
219 624
208 207
208 625
625 626
626 627
627 221
624 220
220 221
221 222
222 628
628 223
223 224
224 629
629 225
225 194
194 193
193 192
192 191
191 190
190 189
189 188
188 190
188 187
187 186
186 185
185 184
184 183
177 178
179 178
179 180
180 181
181 182
182 183
178 635
635 634
634 633
633 632
632 631
631 630
630 187
194 226
226 227
227 636
636 229
229 230
230 231
234 638
638 637
637 229
227 228
228 232
232 233
233 234
234 235
235 236
236 237
237 238
238 239
239 240
240 639
639 241
241 242
242 244
244 245
238 246
246 243
243 244
635 641
641 642
642 643
643 640
640 284
289 284
284 285
285 286
286 287
287 288
288 644
245 247
247 248
249 248
249 256
256 255
255 254
250 254
646 250
250 251
251 252
647 252
647 253
253 648
648 649
649 304
248 304
304 305
305 306
306 307
644 295
295 296
296 297
297 298
298 299
299 645
306 651
651 650
650 300
300 645
301 302
302 303
303 653
653 357
357 654
654 356
356 341
341 340
341 355
355 354
354 353
353 352
352 351
351 321
321 320
320 319
319 652
652 599
645 655
655 656
307 656
656 301
501 308
308 309
309 310
310 311
311 312
644 657
657 312
657 324
324 323
323 322
322 321
501 658
658 598
603 659
659 294
294 280
280 281
281 282
282 657
664 663
663 662
662 661
666 667
667 660
671 670
665 683
683 666
670 669
669 668
668 0
660 0
672 673
673 674
661 684
684 660
674 675
675 676
676 677
677 0
678 677
678 679
679 680
680 682
682 681
678 685
685 694
694 695
695 704
685 686
686 687
687 688
688 689
690 691
691 692
692 693
693 694
695 696
696 697
697 698
698 699
700 701
701 702
702 703
703 704
664 727
727 726
726 762
763 725
725 724
724 665
671 723
723 722
722 764
765 721
721 720
720 672
681 719
719 718
718 766
767 768
768 717
717 716
716 689
690 715
715 714
714 769
769 770
771 772
772 713
713 712
712 699
700 710
710 711
711 773
773 774
775 776
776 733
733 734
734 732
732 731
731 730
730 729
729 728
728 705
704 705
705 706
706 707
707 708
708 709
754 753
754 708
742 707
706 741
741 740
740 739
739 738
738 737
737 736
736 735
735 777
777 778
779 780
780 785
785 747
747 746
746 745
745 744
744 743
743 742
753 752
752 751
751 750
750 749
749 748
748 781
782 781
783 784
784 761
761 760
760 759
759 758
758 757
757 756
756 755
755 709
762 847
847 848
846 845
845 763
764 843
843 844
842 841
841 765
766 840
840 839
838 837
837 767
770 836
771 835
835 834
829 828
829 774
775 832
832 833
831 830
830 778
779 827
782 825
825 826
783 824
824 823
805 806
806 807
807 808
808 809
809 810
810 811
811 812
812 813
813 786
709 786
786 787
787 788
788 814
814 815
815 816
816 817
817 818
818 849
849 819
819 820
820 821
821 822
794 795
795 793
793 796
796 792
792 791
790 791
790 789
789 788
787 797
797 798
798 799
799 800
800 801
801 802
802 803
803 804

