0   0   0   1   1   1   1   1   1   1   5   1   1   0.1 0.1 1   1   1   1   1   1   1   1   1   1   1   1   1   1   1   1   1   1   1   0   0
0   0   0   1   1   1   1   1   1   1   5   1   1   0.1 0.1 1   1   1   1   1   1   1   1   1   1   1   1   1   1   1   1   1   1   1   0   0
0   0   0   1   1   1   1   1   1   1   5   1   1   0.1 0.1 1   1   1   1   1   1   1   1   1   1   1   1   1   1   1   1   1   1   1   0   0
1   1   1   0   0   0   0   0   0   0   5   1   1   1   1   1   1   1   1   1   1   1   1   1   1   1   1   1   1   1   1   1   1   1   0   0
1   1   1   0   0   0   0   0   0   0   5   1   1   1   1   1   1   1   1   1   1   1   1   1   1   1   1   1   1   1   1   1   1   1   0   0
1   1   1   0   0   0   0   0   0   0   5   1   1   1   1   1   1   1   1   1   1   1   1   1   1   1   1   1   1   1   1   1   1   1   0   0
1   1   1   0   0   0   0   0   0   0   5   1   1   1   1   1   1   1   1   1   1   1   1   1   1   1   1   1   1   1   1   1   1   1   0   0
1   1   1   0   0   0   0   0   0   0   5   1   1   1   1   1   1   1   1   1   1   1   1   1   1   1   1   1   1   1   1   1   1   1   0   0
1   1   1   0   0   0   0   0   0   0   5   1   1   1   1   1   1   1   1   1   1   1   1   1   1   1   1   1   1   1   1   1   1   1   0   0
1   1   1   0   0   0   0   0   0   0   5   1   1   1   1   1   1   1   1   1   1   1   1   1   1   1   1   1   1   1   1   1   1   1   0   0
1   1   1   1   1   1   1   1   1   1   0   1   1   1   1   1   1   1   1   1   1   1   1   1   1   1   1   1   1   1   1   1   1   1   0   0
1   1   1   1   1   1   1   1   1   1   1   0   0   1   1   1   1   1   1   1   1   1   1   1   1   1   1   1   1   1   1   1   1   1   0   0
1   1   1   1   1   1   1   1   1   1   1   0   0   1   1   1   1   1   1   1   1   1   1   1   1   1   1   1   1   1   1   1   1   1   0   0
10  10  10  0.5 0.5 0.5 0.5 0.5 0.5 0.5 1   1   1   0   0   1   1   1   1   1   1   1   1   1   1   1   1   1   1   1   1   1   1   1   0   0
10  10  10  0.5 0.5 0.5 0.5 0.5 0.5 0.5 1   1   1   0   0   1   1   1   1   1   1   1   1   1   1   1   1   1   1   1   1   1   1   1   0   0
1   1   1   1   1   1   1   1   1   1   5   1   1   1   1   0   0   0   0   0   1   1   1   1   1   1   1   1   1   1   1   1   1   1   0   0
1   1   1   1   1   1   1   1   1   1   5   1   1   1   1   0   0   0   0   0   1   1   1   1   1   1   1   1   1   1   1   1   1   1   0   0
1   1   1   1   1   1   1   1   1   1   5   1   1   1   1   0   0   0   0   0   1   1   1   1   1   1   1   1   1   1   1   1   1   1   0   0
1   1   1   1   1   1   1   1   1   1   5   1   1   1   1   0   0   0   0   0   1   1   1   1   1   1   1   1   1   1   1   1   1   1   0   0
1   1   1   1   1   1   1   1   1   1   5   1   1   1   1   0   0   0   0   0   1   1   1   1   1   1   1   1   1   1   1   1   1   1   0   0
1   1   1   1   1   1   1   1   1   1   1   1   1   1   1   1   1   1   1   1   0   0.1 0.1 0.1 0.1 1   1   1   1   1   1   1   1   1   0   0
1   1   1   1   1   1   1   1   1   1   1   1   1   1   1   1   1   1   1   1   0.1 0   0.1 0.1 0.1 1   1   1   1   1   1   1   1   1   0   0
1   1   1   1   1   1   1   1   1   1   1   1   1   1   1   1   1   1   1   1   0.1 0.1 0   0.1 0.1 1   1   1   1   1   1   1   1   1   0   0
1   1   1   1   1   1   1   1   1   1   1   1   1   1   1   1   1   1   1   1   0.1 0.1 0.1 0   0.1 1   1   1   1   1   1   1   1   1   0   0
1   1   1   1   1   1   1   1   1   1   1   1   1   1   1   1   1   1   1   1   0.1 0.1 0.1 0.1 0   1   1   1   1   1   1   1   1   1   0   0
1   1   1   1   1   1   1   1   1   1   1   1   1   1   1   1   1   1   1   1   1   1   1   1   1   0   1   1   1   1   1   1   1   1   0   0
1   1   1   1   1   1   1   1   1   1   1   1   1   1   1   1   1   1   1   1   1   1   1   1   1   1   0   1   1   1   1   1   1   1   0   0
1   1   1   1   1   1   1   1   1   1   1   1   1   1   1   1   1   1   1   1   1   1   1   1   1   1   1   0   1   1   1   1   1   1   0   0
1   1   1   1   1   1   1   1   1   1   3   1   1   1   1   1   1   1   1   1   1   1   1   1   1   1   1   1   0   1   1   1   1   1   1   0
1   1   1   1   1   1   1   1   1   1   3   1   1   1   1   1   1   1   1   1   1   1   1   1   1   1   1   1   1   0   1   1   1   1   1   0
1   1   1   1   1   1   1   1   1   1   3   1   1   1   1   1   1   1   1   1   1   1   1   1   1   1   1   1   1   1   0   1   1   1   1   0
1   1   1   1   1   1   1   1   1   1   3   1   1   1   1   1   1   1   1   1   1   1   1   1   1   1   1   1   1   1   1   0   1   1   1   0
1   1   1   1   1   1   1   1   1   1   3   1   1   1   1   1   1   1   1   1   1   1   1   1   1   1   1   1   1   1   1   1   0   1   1   0
1   1   1   1   1   1   1   1   1   1   3   1   1   1   1   1   1   1   1   1   1   1   1   1   1   1   1   1   1   1   1   1   1   1   1   0
0   0   0   0.5 0.5 0.5 0.5 0.5 0.5 0.5 10  1   1   1   1   1   1   1   1   1   1   1   1   1   1   1   1   1   1   1   1   1   1   1   0   0
0   0   0   0   0   0   0 0 0 0 0  0   0   0   0   0   0   0   0   0   0   0   0   0   0   0   0   0   0   0   0   0   0   0   0   0