-2779.14 -895.50 1470.06 325.30 -15.81
-469.14 2000.01 725.02 341.67 10.44
-3722.27 -2056.68 136.12 1435.53 -33.46
-1069.98 -254.61 189.97 1286.53 -11.74
-3151.72 1952.04 1867.13 265.58 8.82
-3157.25 1950.30 155.71 1513.67 -163.34
-3618.23 -2132.45 176.38 560.43 -167.21
-3455.20 -2823.82 3323.11 197.36 11.77
558.02 2157.25 1188.22 358.24 6.98
-459.25 853.37 874.11 399.04 17.29
2675.62 2018.57 1556.53 235.53 -21.66
4258.57 1400.95 268.19 1682.06 167.47
3763.70 -841.70 129.63 1508.42 167.50
1058.02 -2376.04 1221.83 131.41 0.84
2316.28 -2084.81 109.84 714.44 14.47
2628.17 -2548.31 809.61 228.40 0.30
1067.75 -1352.58 248.56 925.08 -33.11
2069.76 1267.77 1156.27 208.61 12.82
888.47 962.66 805.34 312.93 -28.37