143
3 -2797.324794 -751.882897
2 -1363.450532 -1178.958799
2 -3686.490819 -2160.811177
3 -3532.268831 -2785.256141
2 -3160.559332 -2442.753830
3 -2716.283435 -2575.904049
3 -1115.873303 -2191.422158
2 -905.018107 -1895.134446
4 -244.084642 -2058.302650
5 -248.821720 -1557.884513
2 -2795.976704 545.826931
2 -3239.268217 2016.910126
2 -1224.914579 2350.271272
2 -1002.613641 2263.519686
5 -813.310749 1995.249098
5 -688.831706 1030.536512
2 -242.781800 1634.778535
3 -20.214866 1277.711149
3 510.046306 1283.478605
3 -911.856658 19.144285
6 -1083.015343 -961.128181
4 -722.544780 -307.613204
4 -375.040784 -369.852725
2 -302.428009 -120.894639
3 -434.686992 -1150.440060
3 -157.161972 -1422.737967
4 228.401958 -575.416187
3 272.066668 -959.970119
4 630.321483 -1572.752536
3 889.756820 -1385.985723
2 921.615917 -1085.607224
4 1046.094961 -1269.732476
4 1279.493167 -1451.264414
2 1279.493167 -1873.974499
3 1870.768623 -1363.091759
2 1927.821518 -1165.999940
4 2392.024617 -2122.932586
3 705.305837 -2098.457372
3 1205.179496 -2302.976027
7 1583.274867 -2333.659756
5 2013.857989 -2238.669424
4 2599.489689 -2408.197060
2 -416.024941 2206.787059
2 215.191679 1813.000544
3 594.209912 1828.235574
3 1049.432963 879.335069
2 1130.166229 689.550780
2 1660.802507 777.393014
3 2048.036268 909.607950
4 2679.097891 1582.329778
2 2780.595005 1731.926849
3 2955.283116 1628.173423
2 3159.904075 1671.121579
3 3342.319887 1885.387771
2 1040.406067 2429.739718
3 1646.677048 2553.596976
3 2071.200180 2302.338198
4 1970.655037 2155.005425
3 1673.934883 1938.110846
3 1468.369598 1942.971169
3 1593.444482 1844.850924
3 2678.676649 2216.636968
3 3608.615496 1785.312116
3 3634.764284 1555.302015
1 3464.655555 1352.076442
3 4183.996005 1514.607882
3 4121.206450 1103.605719
3 4036.785317 795.958749
3 3918.989259 470.357549
3 3508.590144 523.824873
4 989.542735 -356.342794
4 1666.470886 -498.887694
3 1906.157303 -523.659145
3 1327.059486 -1120.129896
3 1915.854444 -277.362678
4 2053.827246 582.417684
4 2025.321219 46.972983
3 3832.415703 66.770765
3 2415.171201 -651.200064
3 2509.062927 -1081.915821
2 2338.365024 -1185.816981
3 2617.100497 -512.841103
3 3525.167553 -1624.973089
3 3758.652941 -586.861135
2 3367.115906 -2325.429252
2 3068.973027 -2440.375904
4 -3352.343590 -616.912486
4 -1223.053315 -1138.809351
5 -476.954456 -782.854936
2 398.703123 -1431.857268
3 -559.797006 -2048.416149
3 -2825.482170 -830.314695
2 -2077.986525 -1027.550867
3 -2772.080693 -617.414073
2 -2039.908958 -825.649954
3 -535.140885 1254.603935
3 -223.601669 -461.710262
3 287.186539 -731.653995
3 1666.929146 -1633.440141
2 1418.584879 -1666.281101
4 2109.792002 -1233.328978
4 674.880448 1738.241475
5 495.525867 -462.809580
3 667.688987 -267.102786
3 556.525387 127.521304
3 2005.932849 -484.614234
4 1500.497704 -775.013432
4 1255.000938 -487.152721
2 1629.394511 -347.891637
2 1590.777596 137.712133
4 1397.191133 863.499873
3 1784.793942 787.446180
2 -1351.190335 -1017.133385
4 -242.058821 1218.771634
3 912.924881 -2270.893192
6 117.340445 -1811.069367
2 1069.071472 1090.664490
3 2666.238883 -1014.151216
5 1789.745052 -77.374624
1 1276.849915 1968.547220
1 1589.767055 1507.392650
2 3803.111998 987.088677
3 3420.906117 -146.750735
2 3348.483741 828.084999
2 3316.434914 406.108778
2 4350.866123 -445.435678
3 3773.751119 -251.010644
5 2587.744880 76.059127
3 681.194837 1310.987485
3 2283.718500 -1676.433172
2 2903.624774 -1597.296201
2 1373.643333 -2171.039241
2 1815.491422 -2131.470756
2 2567.292647 -2177.633989
3 325.078467 2306.794371
3 377.836448 2036.409720
3 2132.039306 1251.634757
2 2158.418296 1601.156379
2 -1083.004874 1327.540010
2 -934.253870 1658.097797
1 -4690.184072 -1140.275684
1 -4690.184072 -534.906917
1 -4649.826154 -1839.812925
212
1 87
87 20
8 90
0 91
91 92
93 0
93 94
12 13
22 96
26 97
39 40
99 98
44 101
72 105
74 105
47 111
80 79
112 87
118 109
25 9
58 59
59 60
60 58
51 50
50 49
49 51
2 91
86 0
2 3
3 5
3 4
5 4
5 6
7 90
7 6
6 90
1 92
94 112
93 10
11 10
11 12
13 14
83 125
126 125
83 82
82 84
85 84
41 85
41 36
41 39
39 40
39 40
40 36
38 39
38 114
114 8
8 115
114 37
37 115
8 9
115 9
87 9
21 19
21 22
22 23
96 23
20 88
24 20
88 24
25 24
25 115
27 89
89 28
37 28
115 28
28 29
15 19
22 88
97 27
102 97
70 104
103 102
70 103
70 102
95 15
14 95
14 15
113 15
17 113
17 16
18 128
101 128
18 101
130 129
130 82
129 36
35 34
34 98
98 33
32 33
99 32
131 38
39 131
40 132
132 39
133 36
133 41
100 35
100 80
16 113
43 44
101 116
110 116
45 46
110 45
110 46
45 128
59 119
60 120
57 58
42 14
54 55
56 55
57 55
56 61
57 61
62 63
63 64
65 62
62 53
63 65
65 66
66 121
66 67
121 67
67 68
68 77
122 77
77 126
126 122
68 69
123 69
123 124
81 83
127 81
81 117
127 74
122 127
78 105
117 78
79 117
79 78
31 29
73 31
73 32
32 31
106 73
71 106
107 106
71 107
108 107
72 106
71 72
107 70
111 75
48 111
48 75
53 52
52 51
110 47
127 76
54 134
134 42
134 135
135 43
135 44
26 96
26 88
129 100
34 100
49 136
49 137
137 136
136 48
127 75
75 76
76 109
118 76
74 118
118 108
118 71
124 69
113 95
18 17
30 29
31 30
27 115
26 102
19 20
20 21
88 21
104 103
104 102
14 139
139 138
15 138
9 20
56 57
53 61
86 140
86 141
86 142

