273
3 -4199.031875 -2503.546002
4 -2174.099747 -628.419621
4 -2857.246290 -3147.733216
2 -3357.686049 -1716.645889
3 -2308.725677 -3208.749947
3 -2132.890961 -2984.252571
2 -3413.780187 1979.957774
2 -2830.401156 1469.501123
3 263.034026 2605.244286
3 -420.087928 925.332671
2 -3404.789194 -1.905994
4 -2433.180394 572.962546
2 -2079.352856 -67.084751
3 1909.951425 2184.618643
2 920.003509 553.408919
3 515.206993 -268.207772
3 459.096585 -717.091038
2 -134.070587 -3630.824378
4 1792.617727 -1357.733585
2 787.021842 -149.574338
1 3326.901002 -4560.025658
1 -7877.986680 -1339.195591
1 -1590.808799 -4387.405022
1 -4208.587449 -4113.354003
2 -4167.495056 2169.463602
1 -4173.800801 2616.111767
2 -7364.077536 -1346.504567
2 -6766.945549 -1339.222469
2 -6169.813563 -1353.786664
2 -5609.092064 -1375.632956
2 -5048.370564 -1361.068761
2 -4611.444721 -1368.350859
2 -4197.821589 -947.445629
3 -4178.159926 -1353.786664
2 -4165.052150 -1799.451025
3 -4178.159926 -2212.345947
2 -2480.813961 -594.516145
2 -3191.962940 -605.678700
2 -4172.733307 -510.425847
2 -4172.733307 -117.880746
2 -4151.321756 660.072273
2 -4187.007674 274.664355
2 -4139.902262 1340.959594
3 -4139.902262 1000.515933
2 -4146.325727 1732.790976
3 -4211.845073 -2747.576064
2 -4211.845073 -3123.348783
2 -4200.282836 -3487.559265
2 -4194.501717 -3805.520797
4 -3766.698928 -2181.026425
4 -3772.480047 -2539.455788
3 -3789.823403 -2840.073964
3 -3373.582853 -2250.399850
4 -3367.801734 -2556.799145
4 -3362.020615 -2897.885152
2 -2864.844402 -2608.829213
2 -3249.288799 -3344.187520
2 -3405.957118 -1987.937058
4 -3084.526915 -2886.322914
3 -3136.556983 -2614.610332
2 -2781.596291 -3463.278566
2 -3056.199433 -1685.006435
2 -2693.723286 -1653.210282
3 -2267.654834 -1589.617976
3 -2146.829451 -1271.656444
2 -2178.625605 -947.335681
2 -2871.781744 -610.296458
4 -3399.597887 1036.744278
2 -3393.238656 1494.608883
2 -3119.791739 1303.831964
2 -2871.781744 585.238902
3 -3399.597887 617.035055
2 -3405.957118 222.762756
3 -2378.553457 83.635508
2 -2471.150214 324.510446
1 -735.080250 248.199678
3 -1084.837935 388.102752
4 -1587.217155 508.928135
2 -1561.780233 51.063529
2 -1962.411763 515.287365
2 -2973.529434 2117.813486
2 -2464.790983 2334.027328
3 -2032.363300 2461.211940
2 -1351.925622 2760.095780
2 -2006.926377 2047.861949
3 -1943.334071 1570.919651
2 -2388.480216 1475.531192
3 -1542.702541 1431.016577
3 -1574.498694 1017.666586
3 -1167.507933 1233.880427
2 -811.391018 1074.899661
2 -1695.324076 2582.037322
4 -690.565635 2302.231174
2 -779.594864 2594.755784
3 -932.216400 2861.843471
2 -410.759487 2340.386558
2 -67.361033 2480.289632
2 -665.128713 2791.891934
2 -315.371028 2702.862705
2 -35.564880 2651.988859
1 -2382.120985 871.404281
2 -1802.540705 -589.883327
2 -1364.707675 -517.769652
2 -978.384414 -440.505000
2 -622.967014 -373.542301
2 -236.643753 -296.277649
3 108.471694 -213.862020
2 -334.512312 697.860877
2 -205.737892 373.349337
2 -40.906633 12.780960
2 -3048.046899 3.509202
2 -2695.720085 12.780960
2 -1087.070025 -1410.433934
4 -1508.935026 -1419.705692
3 -1967.887061 -1461.428605
1 -1448.668597 -1123.009428
1 -2408.295578 -2184.625750
3 -1930.939104 -2584.238531
3 -1490.391510 -1804.483661
3 -1444.171795 -2171.181700
5 -1453.443553 -2505.660380
5 -1475.033104 -2949.775348
2 -1490.806884 -3977.067092
2 -1445.370633 -3618.120706
3 -1436.283383 -3340.959573
4 -1150.034999 -3118.321941
2 531.106303 -2086.919034
2 -123.175717 -2200.509662
2 571.998929 -2559.456048
3 26.945657 -2668.094126
3 -309.464348 -2918.402434
4 -750.195987 -3000.187687
3 -726.448173 -1775.120884
2 -782.001363 -2259.576789
3 -886.504741 -2568.997661
2 -229.042183 -3223.279681
3 -1161.394062 -2532.194298
2 246.664360 -3728.518344
3 707.564872 -3810.136143
2 1278.889465 -3882.151848
2 876.081622 -3323.790082
3 1262.565905 -3297.864429
3 1288.276496 -2935.370884
3 1409.030076 -2485.437054
4 1545.988001 -2097.721894
3 -689.539804 -1452.822067
2 -324.660232 -1275.183328
2 -156.623587 -1659.267088
2 49.821434 -963.115273
2 309.077971 -1654.466041
2 769.978483 -1544.041960
2 798.784765 -910.303756
3 1163.664337 -1092.743542
3 1101.250726 -1467.225208
3 1522.782653 -1357.761336
4 1708.187663 -1781.175819
2 1103.651250 -3591.688505
3 1698.734808 -2981.734301
3 1883.507065 -2571.701282
3 2098.005903 -2179.686165
3 2231.143112 -1869.032677
4 2356.883810 -1432.638490
1 2153.479740 -3107.948376
3 1344.364237 -1738.680254
2 -926.214686 2202.409714
1 -1196.143918 2075.502687
1 -626.069495 1793.487071
2 -660.314248 2051.329920
2 570.482474 2506.583699
3 822.282131 2409.892631
2 729.619857 2119.819427
2 1128.470514 2351.475111
3 1513.220390 2254.784043
2 -229.233236 1060.246470
2 -35.851099 1239.527826
3 149.473448 1408.737196
3 326.740406 1588.018551
3 510.050557 1785.429482
2 645.015173 1940.538071
3 799.850209 1636.007784
3 674.154583 1415.583770
2 968.313215 1729.207553
3 1450.636790 1750.279943
3 1785.453641 1759.645449
2 876.999528 1008.063567
3 809.099608 790.315545
2 1202.450873 1738.573060
3 2124.953245 1726.866177
3 2160.450105 2090.754697
3 2465.727740 1995.476964
3 2800.172028 1927.421440
3 3126.838542 1849.643698
4 2419.061095 1723.254869
3 2817.672020 1729.088199
3 3140.449646 1725.199312
2 2396.876803 1484.499914
2 2403.139894 1262.160165
2 2406.271440 1014.768051
2 2421.929169 801.822939
2 1256.994148 519.983821
2 1610.858818 511.215493
2 1937.792195 514.033884
2 2208.357748 502.760320
3 2425.373869 505.578711
2 2746.670464 494.305146
2 3152.518794 485.849973
2 3465.900487 1536.524729
2 3454.086650 1260.907547
2 3448.566898 995.276592
2 3470.996997 708.502876
3 3454.086650 488.668364
2 3450.063307 170.680699
2 3459.723432 -108.830566
2 1033.088626 -179.290346
2 1329.019700 -215.929431
2 1636.224339 -227.202996
2 1892.697936 -246.931734
2 2171.718663 -269.478864
2 2487.378475 -292.025993
2 2732.578508 -303.299558
2 3008.780844 -317.391514
3 3310.348700 -351.212208
2 1450.210521 -1010.715744
3 1858.877242 -1092.449088
3 2453.557781 -1210.821518
3 3028.509582 -1286.918080
2 2667.755511 -1611.033065
3 3065.097696 -1670.295737
2 3390.873842 -724.257280
2 3420.831553 -1238.531325
2 3388.376253 -2136.609083
2 3385.880890 -3080.930576
2 3360.916131 -3529.531647
2 3339.572380 -3966.167527
2 3532.123654 2119.541263
1 3562.351623 2613.264766
2 3410.339027 -2523.340821
2 3395.854993 -2769.569398
3 1494.466551 1977.808100
4 1823.602789 1967.190802
3 2147.430378 1935.338908
3 523.350119 1282.517725
3 374.296497 1077.154956
2 619.406898 855.230673
2 -3905.636936 2150.197067
2 -3910.437983 1708.500743
2 -3910.437983 1266.804419
1 -3929.642171 2587.092344
2 -3924.841124 623.464121
2 -3896.034842 258.584549
2 -3900.835889 -115.897116
2 -3886.432748 -370.352607
2 -3939.244265 -960.881388
2 -3934.443218 -1359.368289
2 -3934.443218 -1940.294976
3 -3905.636936 -557.593440
2 -3540.757364 -586.399722
3 -3756.804479 1089.165680
3 -3886.432748 901.924847
4 3281.942450 1802.751871
2 3415.118278 1817.020710
2 3514.524520 1947.818398
2 3297.400359 1678.375161
2 3182.129669 -1867.455228
3 -2189.303579 -1742.779753
4 -2157.507107 -2049.182120
3 -2038.992984 -2297.772720
4 -1848.214152 -1725.436223
4 -1822.198856 -2026.057413
3 -1726.809440 -2323.788015
2 -1709.213855 -2898.652767
2 -1943.009567 -2856.346876
4 -1127.330100 -2810.523900
336
4 5
4 2
12 1
15 16
15 19
25 24
21 26
26 27
27 28
28 29
29 30
30 31
31 33
33 34
34 35
32 33
43 40
43 42
44 42
44 24
40 41
41 39
39 38
38 32
35 0
0 45
45 46
46 47
47 48
48 23
2 56
56 54
54 51
51 45
51 50
50 0
50 49
49 35
49 52
3 57
57 52
52 53
53 50
53 54
58 55
58 2
58 54
55 59
59 53
59 58
2 60
60 4
1 65
37 66
66 36
36 1
65 64
64 63
63 62
62 61
61 3
67 71
71 72
72 10
73 74
74 11
11 70
70 71
67 68
67 69
69 7
7 86
86 85
68 6
6 80
80 81
81 82
82 84
84 85
82 91
91 83
83 94
94 93
93 92
92 95
95 96
96 8
97 98
98 99
97 94
99 8
87 85
87 89
89 90
90 9
87 88
88 89
88 77
77 79
79 11
100 11
77 78
76 75
76 78
76 77
106 15
107 9
107 108
108 109
109 106
106 105
105 104
104 103
103 102
102 101
101 1
73 12
73 111
111 110
110 10
115 113
113 112
113 114
113 118
5 117
117 120
119 120
119 118
120 121
121 125
125 124
121 124
124 123
123 122
122 22
131 125
131 134
134 133
131 130
130 129
130 135
135 17
120 136
136 134
132 133
129 128
128 126
126 127
127 129
16 148
148 146
146 145
145 112
145 132
132 147
147 149
149 150
16 151
151 152
150 153
152 154
153 154
154 18
18 155
155 144
144 143
143 142
142 141
141 140
17 137
137 138
138 140
138 139
141 156
156 139
18 161
161 160
160 159
159 158
158 157
157 162
157 142
143 158
144 159
160 155
163 153
163 155
163 144
167 166
167 92
92 164
164 165
8 168
168 169
172 13
172 171
171 169
169 170
170 178
178 177
177 176
176 175
175 174
174 173
173 9
177 179
184 180
179 181
181 186
186 182
182 183
187 183
184 185
185 14
188 189
192 187
188 13
189 190
190 191
192 193
193 194
189 192
190 193
191 194
198 197
197 196
196 195
195 192
198 203
203 202
202 201
201 200
200 199
199 14
203 204
204 205
235 234
206 207
207 208
209 208
209 210
210 205
19 213
213 214
214 215
215 216
216 217
217 218
218 219
219 220
220 221
221 212
211 212
211 210
221 228
228 229
229 225
225 224
223 222
222 152
223 224
223 18
224 161
226 227
225 227
161 226
230 236
236 237
237 231
231 232
232 233
233 20
64 114
172 238
238 182
13 239
239 183
238 239
188 240
239 240
240 187
179 180
242 243
243 185
241 242
241 180
175 242
241 176
247 244
244 245
245 246
251 250
250 249
249 248
255 256
256 37
251 255
255 252
252 253
253 254
254 49
246 257
257 67
257 258
43 258
258 248
234 261
261 260
260 259
259 191
259 194
259 262
262 206
227 263
263 230
63 264
264 265
265 116
265 266
266 117
114 267
264 267
267 118
265 268
268 267
268 119
268 269
269 266
269 120
5 271
271 270
270 121
136 272
272 121
272 125
272 131

