250
3 -4199.031875 -2503.546002
4 -2174.099747 -628.419621
4 -2857.246290 -3147.733216
2 -3357.686049 -1716.645889
3 -2308.725677 -3208.749947
2 -2052.732431 -2955.306435
2 -3413.780187 1979.957774
2 -2830.401156 1469.501123
3 263.034026 2605.244286
3 -420.087928 925.332671
2 -3404.789194 -1.905994
4 -2433.180394 572.962546
2 -2079.352856 -67.084751
3 1909.951425 2184.618643
2 920.003509 553.408919
3 515.206993 -268.207772
3 459.096585 -717.091038
2 -134.070587 -3630.824378
4 1792.617727 -1357.733585
2 787.021842 -149.574338
4 3471.376939 1795.821222
1 3326.901002 -4560.025658
1 -7877.986680 -1339.195591
1 -1590.808799 -4387.405022
1 -4208.587449 -4113.354003
2 -4167.495056 2169.463602
1 -4173.800801 2616.111767
2 -7364.077536 -1346.504567
2 -6766.945549 -1339.222469
2 -6169.813563 -1353.786664
2 -5609.092064 -1375.632956
2 -5048.370564 -1361.068761
2 -4611.444721 -1368.350859
2 -4197.821589 -947.445629
3 -4178.159926 -1353.786664
2 -4165.052150 -1799.451025
3 -4178.159926 -2212.345947
2 -2480.813961 -594.516145
2 -3191.962940 -605.678700
3 -4172.733307 -510.425847
2 -3667.820386 -574.660500
2 -4172.733307 -117.880746
2 -4151.321756 660.072273
2 -4187.007674 274.664355
2 -4139.902262 1340.959594
3 -4139.902262 1000.515933
2 -4146.325727 1732.790976
2 -3760.917810 1013.362864
3 -4211.845073 -2747.576064
2 -4211.845073 -3123.348783
2 -4200.282836 -3487.559265
2 -4194.501717 -3805.520797
3 -3766.698928 -2181.026425
4 -3772.480047 -2539.455788
3 -3789.823403 -2840.073964
3 -3373.582853 -2250.399850
4 -3367.801734 -2556.799145
4 -3362.020615 -2897.885152
2 -2864.844402 -2608.829213
2 -3249.288799 -3344.187520
2 -3405.957118 -1987.937058
4 -3084.526915 -2886.322914
3 -3136.556983 -2614.610332
2 -2781.596291 -3463.278566
2 -3056.199433 -1685.006435
2 -2693.723286 -1653.210282
2 -2267.654834 -1589.617976
3 -2146.829451 -1271.656444
2 -2178.625605 -947.335681
2 -2871.781744 -610.296458
4 -3399.597887 1036.744278
2 -3393.238656 1494.608883
2 -3119.791739 1303.831964
2 -2871.781744 585.238902
3 -3399.597887 617.035055
2 -3405.957118 222.762756
3 -2378.553457 83.635508
2 -2471.150214 324.510446
1 -735.080250 248.199678
3 -1084.837935 388.102752
4 -1587.217155 508.928135
2 -1561.780233 51.063529
2 -1962.411763 515.287365
2 -2973.529434 2117.813486
2 -2464.790983 2334.027328
3 -2032.363300 2461.211940
2 -1351.925622 2760.095780
2 -2006.926377 2047.861949
3 -1943.334071 1570.919651
2 -2388.480216 1475.531192
3 -1542.702541 1431.016577
3 -1574.498694 1017.666586
3 -1167.507933 1233.880427
2 -811.391018 1074.899661
2 -1695.324076 2582.037322
4 -690.565635 2302.231174
2 -779.594864 2594.755784
3 -932.216400 2861.843471
2 -410.759487 2340.386558
2 -67.361033 2480.289632
2 -665.128713 2791.891934
2 -315.371028 2702.862705
2 -35.564880 2651.988859
1 -2382.120985 871.404281
2 -1802.540705 -589.883327
2 -1364.707675 -517.769652
2 -978.384414 -440.505000
2 -622.967014 -373.542301
2 -236.643753 -296.277649
3 108.471694 -213.862020
2 -334.512312 697.860877
2 -205.737892 373.349337
2 -40.906633 12.780960
2 -3048.046899 3.509202
2 -2695.720085 12.780960
2 -1087.070025 -1410.433934
4 -1508.935026 -1419.705692
3 -1967.887061 -1461.428605
1 -1448.668597 -1123.009428
1 -2408.295578 -2184.625750
3 -1930.939104 -2584.238531
4 -1949.575338 -2180.221664
3 -1930.800027 -1823.027177
3 -1490.391510 -1804.483661
3 -1444.171795 -2171.181700
4 -1453.443553 -2505.660380
3 -1430.500587 -2938.642219
2 -1490.806884 -3977.067092
2 -1445.370633 -3618.120706
3 -1436.283383 -3340.959573
3 -1150.034999 -3118.321941
2 531.106303 -2086.919034
2 -123.175717 -2200.509662
2 571.998929 -2559.456048
3 26.945657 -2668.094126
3 -309.464348 -2918.402434
3 -750.195987 -3000.187687
3 -726.448173 -1775.120884
2 -782.001363 -2259.576789
3 -886.504741 -2568.997661
2 -229.042183 -3223.279681
2 -1161.394062 -2532.194298
2 246.664360 -3728.518344
3 707.564872 -3810.136143
2 1278.889465 -3882.151848
2 876.081622 -3323.790082
3 1262.565905 -3297.864429
3 1288.276496 -2935.370884
3 1409.030076 -2485.437054
4 1545.988001 -2097.721894
3 -689.539804 -1452.822067
2 -324.660232 -1275.183328
2 -156.623587 -1659.267088
2 49.821434 -963.115273
2 309.077971 -1654.466041
2 769.978483 -1544.041960
2 798.784765 -910.303756
3 1163.664337 -1092.743542
3 1101.250726 -1467.225208
3 1522.782653 -1357.761336
4 1708.187663 -1781.175819
2 1103.651250 -3591.688505
3 1698.734808 -2981.734301
3 1883.507065 -2571.701282
3 2098.005903 -2179.686165
3 2231.143112 -1869.032677
4 2356.883810 -1432.638490
1 2153.479740 -3107.948376
3 1344.364237 -1738.680254
2 -926.214686 2202.409714
1 -1196.143918 2075.502687
1 -626.069495 1793.487071
2 -660.314248 2051.329920
2 570.482474 2506.583699
3 822.282131 2409.892631
2 729.619857 2119.819427
2 1128.470514 2351.475111
3 1513.220390 2254.784043
2 -229.233236 1060.246470
2 -35.851099 1239.527826
3 149.473448 1408.737196
3 326.740406 1588.018551
3 510.050557 1785.429482
2 645.015173 1940.538071
3 799.850209 1636.007784
3 674.154583 1415.583770
2 968.313215 1729.207553
3 1450.636790 1750.279943
3 1785.453641 1759.645449
2 876.999528 1008.063567
3 809.099608 790.315545
2 1202.450873 1738.573060
3 2124.953245 1726.866177
3 2160.450105 2090.754697
3 2465.727740 1995.476964
3 2800.172028 1927.421440
3 3126.838542 1849.643698
4 2419.061095 1723.254869
3 2817.672020 1729.088199
3 3140.449646 1725.199312
2 2396.876803 1484.499914
2 2403.139894 1262.160165
2 2406.271440 1014.768051
2 2421.929169 801.822939
2 1256.994148 519.983821
2 1610.858818 511.215493
2 1937.792195 514.033884
2 2208.357748 502.760320
3 2425.373869 505.578711
2 2746.670464 494.305146
2 3152.518794 485.849973
2 3465.900487 1536.524729
2 3454.086650 1260.907547
2 3448.566898 995.276592
2 3470.996997 708.502876
3 3454.086650 488.668364
2 3450.063307 170.680699
2 3459.723432 -108.830566
2 1033.088626 -179.290346
2 1329.019700 -215.929431
2 1636.224339 -227.202996
2 1892.697936 -246.931734
2 2171.718663 -269.478864
2 2487.378475 -292.025993
2 2732.578508 -303.299558
2 3008.780844 -317.391514
3 3310.348700 -351.212208
2 1450.210521 -1010.715744
3 1858.877242 -1092.449088
3 2453.557781 -1210.821518
3 3028.509582 -1286.918080
2 2667.755511 -1611.033065
3 3076.422232 -1653.308933
2 3390.873842 -724.257280
3 3420.831553 -1238.531325
3 3445.796313 -1717.854708
2 3437.069831 -2067.046828
2 3385.880890 -3080.930576
2 3360.916131 -3529.531647
2 3339.572380 -3966.167527
2 3532.123654 2119.541263
1 3562.351623 2613.264766
2 3410.339027 -2523.340821
2 3395.854993 -2769.569398
3 1494.466551 1977.808100
4 1823.602789 1967.190802
3 2147.430378 1935.338908
3 523.350119 1282.517725
3 374.296497 1077.154956
2 619.406898 855.230673
305
4 5
4 2
12 1
15 16
15 19
26 25
22 27
27 28
28 29
29 30
30 31
31 32
32 34
34 35
35 36
33 34
45 42
45 44
46 44
46 25
42 43
45 47
43 41
41 39
39 33
36 0
0 48
48 49
49 50
50 51
51 24
2 59
59 57
57 54
54 48
54 53
53 0
53 52
52 36
52 55
3 60
60 55
55 56
56 53
56 57
61 58
61 2
61 57
58 62
62 56
62 61
2 63
63 4
1 68
39 40
40 38
38 69
69 37
37 1
68 67
67 66
66 65
65 64
64 3
47 70
70 74
74 75
75 10
76 77
77 11
11 73
73 74
70 71
70 72
72 7
7 89
89 88
71 6
6 83
83 84
84 85
85 87
87 88
85 94
94 86
86 97
97 96
96 95
95 98
98 99
99 8
100 101
101 102
100 97
102 8
90 88
90 92
92 93
93 9
90 91
91 92
91 80
80 82
82 11
103 11
80 81
79 78
79 81
79 80
109 15
110 9
110 111
111 112
112 109
109 108
108 107
107 106
106 105
105 104
104 1
76 12
76 114
114 113
113 10
118 116
116 115
116 117
116 123
123 122
117 122
122 121
121 119
121 124
121 120
5 120
120 125
124 125
124 123
125 126
126 130
130 129
126 129
129 128
128 127
127 23
136 130
136 139
139 138
136 135
135 134
135 140
140 17
125 141
141 139
137 138
134 133
133 131
131 132
132 134
16 153
153 151
151 150
150 115
150 137
137 152
152 154
154 155
16 156
156 157
155 158
157 159
158 159
159 18
18 160
160 149
149 148
148 147
147 146
146 145
17 142
142 143
143 145
143 144
146 161
161 144
18 166
166 165
165 164
164 163
163 162
162 167
162 147
148 163
149 164
165 160
168 158
168 160
168 149
172 171
172 95
95 169
169 170
8 173
173 174
177 13
177 176
176 174
174 175
175 183
183 182
182 181
181 180
180 179
179 178
178 9
182 184
189 185
184 186
186 191
191 187
187 188
192 188
189 190
190 14
193 194
197 192
193 13
194 195
195 196
197 198
198 199
194 197
195 198
196 199
196 20
199 20
203 202
202 201
201 200
200 197
203 208
208 207
207 206
206 205
205 204
204 14
208 209
209 210
241 240
240 20
20 211
211 212
212 213
214 213
214 215
215 210
19 218
218 219
219 220
220 221
221 222
222 223
223 224
224 225
225 226
226 217
216 217
216 215
226 233
233 234
234 230
230 229
228 227
227 157
228 229
228 18
229 166
231 232
230 232
232 235
234 235
166 231
235 236
236 242
242 243
243 237
237 238
238 239
239 21
67 117
177 244
244 187
13 245
245 188
244 245
193 246
245 246
246 192
184 185
248 249
249 190
247 248
247 185
180 248
247 181

